0.785809,0.000791564,-0.117705,-21.2982,0,0,0,0
0.785809,0.000527709,-0.117705,-21.1122,0,0,0,0
0.785808,8.05387e-05,-0.11038,-26.2,0,0,0,0
0.785805,-0.00116701,-0.0774214,51.756,0,0,0,0
0.785805,-0.00801547,-0.136931,-37.9178,0,0,0,0
0.785803,-0.00911778,-0.311796,-159.509,0,0,0,0
0.785761,-0.0245633,-0.344755,-64.418,0,0,0,0
0.785693,-0.0437212,-0.439055,-61.4088,0,0,0,0
0.785561,-0.075799,-0.439055,2.30443,0,0,0,0
0.785371,-0.11621,-0.505888,-67.4375,0,0,0,0
0.785097,-0.177454,-0.499479,10.7426,0,0,0,0
0.784731,-0.243499,-0.559904,-33.975,0,0,0,0
0.784251,-0.330184,-0.606596,-51.8103,0,0,0,0
0.783662,-0.416188,-0.646879,-34.7864,0,0,0,0
0.782923,-0.527878,-0.687163,-48.4044,0,0,0,0
0.782049,-0.646754,-0.69998,-2.57109,0,0,0,0
0.781005,-0.779513,-0.707304,-35.6159,0,0,0,0
0.779803,-0.927799,-0.653288,48.8197,0,0,0,0
0.778426,-1.07436,-0.620329,70.5937,0,0,0,0
0.776877,-1.21029,-0.600187,-7.49992,0,0,0,0
0.775192,-1.35983,-0.613005,33.6923,0,0,0,0
0.773312,-1.52168,-0.539763,78.6599,0,0,0,0
0.771278,-1.68142,-0.592863,-58.6202,0,0,0,0
0.769124,-1.83095,-0.667021,-0.950821,0,0,0,0
0.766753,-1.98999,-0.539763,82.9459,0,0,0,0
0.76426,-2.15535,-0.512297,36.2107,0,0,0,0
0.761576,-2.31327,-0.505888,37.0695,0,0,0,0
0.758749,-2.4705,-0.505888,-42.9707,0,0,0,0
0.755794,-2.6247,-0.546171,-25.2805,0,0,0,0
0.752599,-2.78972,-0.285246,305.021,0,0,0,0
0.749287,-2.9969,-0.626738,-360.134,0,0,0,0
0.74587,-3.1343,-0.915129,-235.47,0,0,0,0
0.742225,-3.29258,-1.06894,-127.607,0,0,0,0
0.738424,-3.46026,-0.687163,418.097,0,0,0,0
0.734441,-3.60494,-0.358488,478.16,0,0,0,0
0.730417,-3.74292,-0.285246,-34.1524,0,0,0,0
0.726254,-3.83326,-0.20468,103.823,0,0,0,0
0.721985,-3.92919,-0.0435468,168.433,0,0,0,0
0.717727,-4.03305,0.0370196,43.3845,0,0,0,0
0.713364,-4.09048,0.0434283,100.8,0,0,0,0
0.784033,-0.00137704,0.117586,56.188,0,0,0,0
0.784038,0.000573944,0.0773028,0.690321,0,0,0,0
0.784036,-9.20883e-05,0.0901202,5.76071,0,0,0,0
0.784035,0.000684593,0.0699786,-24.61,0,0,0,0
0.784037,0.00120238,0.0498369,-52.0645,0,0,0,0
0.784036,-0.000453024,0.0837115,15.2901,0,0,0,0
0.784037,-0.000302016,0.0837115,19.801,0,0,0,0
0.784034,-0.00118469,0.110262,55.6093,0,0,0,0
0.784035,-0.000552433,0.103853,18.9098,0,0,0,0
0.784037,0.000377696,0.0837115,-35.6533,0,0,0,0
0.78403,-0.00198616,0.144136,57.9254,0,0,0,0
0.784022,-0.00305343,0.190828,79.5585,0,0,0,0
0.784025,-0.00179826,0.184419,30.6005,0,0,0,0
0.784024,-0.000690217,0.170687,21.7227,0,0,0,0
0.784027,0.000760559,0.137728,-33.3558,0,0,0,0
0.784023,-0.000476305,0.164278,27.8237,0,0,0,0
0.784023,-0.000317537,0.164278,10.8002,0,0,0,0
0.784025,0.000296935,0.150545,-13.3809,0,0,0,0
0.784017,-0.00129401,0.190828,42.8104,0,0,0,0
0.784012,-0.00235465,0.231111,82.4309,0,0,0,0
0.784015,-0.000349061,0.198152,-27.6244,0,0,0,0
0.784014,-0.000470066,0.204561,-21.262,0,0,0,0
0.784013,0.000432608,0.184419,-56.3331,0,0,0,0
0.784011,0.00103439,0.164278,-50.6142,0,0,0,0
0.784006,0.000452235,0.170687,-23.9677,0,0,0,0
0.783996,-0.00142784,0.217378,69.8277,0,0,0,0
0.783999,0.00176078,0.144136,-34.1869,0,0,0,0
0.783998,-0.00350653,0.144136,8.04196,0,0,0,0
0.783991,-0.00735221,0.144136,-11.6026,0,0,0,0
0.783988,-0.01051,0.150545,-12.735,0,0,0,0
0.783978,-0.0131866,0.170687,-10.7101,0,0,0,0
0.78397,-0.0152921,0.190828,22.6674,0,0,0,0
0.783974,-0.00866332,0.117586,-68.7863,0,0,0,0
0.783965,-0.0116118,0.123995,-9.27301,0,0,0,0
0.783954,-0.0105278,0.170687,33.9328,0,0,0,0
0.783938,-0.0102867,0.23752,52.3488,0,0,0,0
0.783927,-0.0116674,0.224703,-19.547,0,0,0,0
0.783919,-0.00786907,0.204561,-35.0114,0,0,0,0
0.783914,-0.00312707,0.130403,-78.3448,0,0,0,0
0.783906,-0.00408356,0.0498369,-93.82,0,0,0,0
0.783894,-0.00699015,0.016878,-31.5033,0,0,0,0
0.783875,-0.0117851,0.0571612,18.7811,0,0,0,0
0.783855,-0.0116677,0.130403,64.5225,0,0,0,0
0.783837,-0.0103655,0.178011,26.3518,0,0,0,0
0.783812,-0.0109868,0.271395,90.2844,0,0,0,0
0.783797,-0.0164723,0.251253,-7.3326,0,0,0,0
0.783797,-0.0117794,0.117586,-138.079,0,0,0,0
0.783799,-0.00683519,-0.0700971,-159.46,0,0,0,0
0.783778,-0.0125288,-0.0169965,43.0359,0,0,0,0
0.783729,-0.0258444,0.291536,198.417,0,0,0,0
0.783699,-0.0285598,0.432527,123.032,0,0,0,0
0.783698,-0.019572,0.285127,-82.1153,0,0,0,0
0.783697,-0.016521,0.0901202,-222.374,0,0,0,0
0.78369,-0.00868186,-0.0234052,-110.982,0,0,0,0
0.783669,-0.0181109,0.016878,78.6596,0,0,0,0
0.783648,-0.0196499,0.0434283,-11.4175,0,0,0,0
0.783626,-0.0217771,0.103853,47.2397,0,0,0,0
0.783626,-0.0157552,-0.0371381,-77.2985,0,0,0,0
0.783599,-0.0174103,0.103853,111.435,0,0,0,0
0.783562,-0.0254746,0.318086,201.516,0,0,0,0
0.783547,-0.0233394,0.325411,15.4655,0,0,0,0
0.783543,-0.0183096,0.23752,-87.1264,0,0,0,0
0.783537,-0.0099431,0.137728,-114.861,0,0,0,0
0.783542,-0.00545456,-0.0499555,-200.316,0,0,0,0
0.783547,0.00187973,-0.23123,-170.146,0,0,0,0
0.783528,-0.00113714,-0.190947,-6.9563,0,0,0,0
0.783502,-0.00739972,-0.0298139,159.822,0,0,0,0
0.783477,-0.0121184,0.150545,187,0,0,0,0
0.784007,-0.00097633,0.0974444,58.2526,0,0,0,0
0.784006,-0.000888246,0.103853,54.5451,0,0,0,0
0.78401,0.000662448,0.0699786,-8.48141,0,0,0,0
0.784011,0.000678991,0.0635699,-11.952,0,0,0,0
0.784008,-0.00201192,0.00314505,-81.1583,0,0,0,0
0.783984,-0.0104436,-0.0169965,3.66982,0,0,0,0
0.783938,-0.0279851,-0.11038,-62.0267,0,0,0,0
0.783835,-0.0622461,-0.130522,-13.3652,0,0,0,0
0.783675,-0.0968523,-0.184538,-41.2014,0,0,0,0
0.783442,-0.142274,-0.251372,-85.5527,0,0,0,0
0.783121,-0.210376,-0.271513,-32.7875,0,0,0,0
0.782692,-0.289272,-0.338347,-84.7766,0,0,0,0
0.782151,-0.374825,-0.40518,-61.7902,0,0,0,0
0.781493,-0.472401,-0.499479,-132.351,0,0,0,0
0.780681,-0.582362,-0.55258,-50.9928,0,0,0,0
0.779736,-0.687442,-0.707304,-121.75,0,0,0,0
0.778597,-0.835224,-0.653288,40.2836,0,0,0,0
0.777286,-0.987634,-0.592863,63.6489,0,0,0,0
0.775831,-1.14804,-0.580046,66.0119,0,0,0,0
0.7742,-1.28798,-0.559904,57.2446,0,0,0,0
0.772425,-1.47985,-0.546171,14.0877,0,0,0,0
0.770472,-1.62656,-0.572722,-27.7023,0,0,0,0
0.768339,-1.78142,-0.559904,-24.765,0,0,0,0
0.76606,-1.94879,-0.392363,196.465,0,0,0,0
0.763618,-2.09652,-0.445463,-63.8878,0,0,0,0
0.76105,-2.24702,-0.485747,-72.8606,0,0,0,0
0.758314,-2.38856,-0.55258,-133.232,0,0,0,0
0.75538,-2.556,-0.613005,-100.297,0,0,0,0
0.752284,-2.72596,-0.358488,194.67,0,0,0,0
0.749047,-2.87606,-0.639555,-274.244,0,0,0,0
0.745616,-3.0375,-0.767729,-63.8187,0,0,0,0
0.742071,-3.20472,-0.915129,-81.4693,0,0,0,0
0.738293,-3.3595,-0.747587,223.752,0,0,0,0
0.734401,-3.53045,-0.412504,377.727,0,0,0,0
0.730348,-3.67905,-0.23123,35.1707,0,0,0,0
0.726163,-3.83319,0.137728,462.658,0,0,0,0
0.722013,-3.92234,0.0306109,-64.1585,0,0,0,0
0.717726,-4.0186,0.0370196,-153.085,0,0,0,0
0.713424,-4.11175,0.0699786,197.954,0,0,0,0
0.784004,0.000220429,0.0773028,-18.8018,0,0,0,0
0.784006,0.000655579,0.0635699,-20.5347,0,0,0,0
0.784003,-0.000308933,0.0837115,16.5048,0,0,0,0
0.784002,-0.000714581,0.0974444,32.4006,0,0,0,0
0.783999,-0.00419245,0.0699786,14.0622,0,0,0,0
0.783981,-0.00917225,-0.0234052,-51.645,0,0,0,0
0.783932,-0.0282503,-0.0902387,-56.9495,0,0,0,0
0.783835,-0.0565521,-0.164396,-87.9969,0,0,0,0
0.783669,-0.0987162,-0.170805,-8.31542,0,0,0,0
0.78344,-0.151042,-0.217497,-21.9887,0,0,0,0
0.783112,-0.216391,-0.237639,3.44873,0,0,0,0
0.782678,-0.29195,-0.291655,-38.865,0,0,0,0
0.782146,-0.376023,-0.385039,-70.5065,0,0,0,0
0.781474,-0.475938,-0.452788,-65.3114,0,0,0,0
0.780688,-0.587772,-0.620329,-150.504,0,0,0,0
0.779718,-0.716727,-0.693571,-117.293,0,0,0,0
0.778567,-0.858325,-0.633146,34.9185,0,0,0,0
0.777274,-1.00249,-0.626738,-17.1468,0,0,0,0
0.775803,-1.1535,-0.693571,-41.174,0,0,0,0
0.774154,-1.30192,-0.620329,80.1215,0,0,0,0
0.772367,-1.45875,-0.586455,33.7026,0,0,0,0
0.770411,-1.59901,-0.67343,-59.0085,0,0,0,0
0.768307,-1.7615,-0.633146,-30.7902,0,0,0,0
0.76601,-1.92447,-0.580046,83.6791,0,0,0,0
0.763525,-2.08876,-0.392363,162.951,0,0,0,0
0.760956,-2.23608,-0.485747,-25.8719,0,0,0,0
0.758209,-2.37334,-0.492155,-45.1103,0,0,0,0
0.755326,-2.59486,-0.592863,-16.198,0,0,0,0
0.752205,-2.74779,-0.459196,95.0299,0,0,0,0
0.748951,-2.8944,-0.713713,-255.616,0,0,0,0
0.74558,-3.04274,-0.901396,-126.262,0,0,0,0
0.741983,-3.1978,-0.968229,-125.716,0,0,0,0
0.738182,-3.3744,-0.774138,285.875,0,0,0,0
0.734295,-3.53364,-0.659697,254.782,0,0,0,0
0.730207,-3.69538,-0.606596,-46.3396,0,0,0,0
0.725992,-3.85641,-0.164396,523.299,0,0,0,0
0.717166,-4.11185,-0.11038,-79.4782,0,0,0,0
0.712628,-4.24134,0.016878,210.421,0,0,0,0
0.708055,-4.31134,-0.901396,-781.238,0,0,0,0
0.703356,-4.43229,-0.974638,-172.33,0,0,0,0
0.698468,-4.55429,-0.546171,525.768,0,0,0,0
0.6935,-4.65503,-0.097563,499.392,0,0,0,0
0.688586,-4.75828,0.0306109,240.826,0,0,0,0
0.683582,-4.82728,0.0306109,-115.097,0,0,0,0
0.678619,-4.97449,0.0837115,70.0804,0,0,0,0
0.673555,-4.98535,0.0434283,151.271,0,0,0,0
0.668529,-4.96808,-0.907805,-925.914,0,0,0,0
0.663458,-5.00264,-1.03506,-235.526,0,0,0,0
0.658248,-5.03451,-0.720122,373.914,0,0,0,0
0.652945,-5.09286,0.016878,505.769,0,0,0,0
0.647722,-5.13097,0.579927,651.014,0,0,0,0
0.642547,-5.10925,0.21097,-283.226,0,0,0,0
0.637415,-5.1116,-0.136931,-438.046,0,0,0,0
0.632178,-5.12881,-0.244963,-134.661,0,0,0,0
0.626989,-5.1174,-1.15591,-567.167,0,0,0,0
0.621756,-5.14841,-1.08267,-115.628,0,0,0,0
